camera_matrix:
- - 2663.23324798534
  - 0.0
  - 1346.984272990922
- - 0.0
  - 2663.540324793217
  - 989.9216936414226
- - 0.0
  - 0.0
  - 1.0
dist_coeffs:
- - -0.11290148506642754
  - 1.4886190130831183
  - -0.00041614345862358833
  - 0.0009541353820242861
  - -6.231634628432033
image_size:
- 2592
- 1944
rvecs:
- - - -0.0037216992367275757
  - - 0.0075984141141428605
  - - 0.47559460856766417
- - - -0.0037216992367279907
  - - 0.007598414114142455
  - - 0.4755946085676641
- - - -0.006500372159609875
  - - 0.008510773443135632
  - - -0.1716936824016641
- - - -0.007795805318767628
  - - 0.00661355170556996
  - - -0.7167015955371119
- - - -0.000970857934418396
  - - 0.010014021394064185
  - - 1.201203484023723
- - - 0.0024939623626028472
  - - 0.008630539428485151
  - - 1.9572330978639962
- - - 0.19960240229530934
  - - -0.33391435612829784
  - - 1.012332139592482
- - - -0.48751631663646394
  - - -0.2431093218449907
  - - 0.9462521061482418
- - - 0.15939090730314945
  - - -0.023697996975790923
  - - 1.0013211627451863
- - - 0.32651286563208815
  - - 0.0948452414099241
  - - 0.4945197661633077
- - - -0.09104499121056903
  - - 0.35748860668095794
  - - 0.4909929579853011
- - - -0.6991515550012792
  - - -0.09972873362739733
  - - 0.2945649681521438
- - - 0.1283550423347544
  - - -0.15772938970902683
  - - 0.4149687092141198
- - - -0.004622705496936857
  - - 0.00906559025512173
  - - 0.1761668750711489
- - - -0.0010954114492947504
  - - 0.00984211085780652
  - - 1.079354954692732
- - - -0.15482509291128113
  - - 0.3233213383107565
  - - 0.9003873766738226
- - - 0.2545384093069705
  - - -0.3446328126009203
  - - 0.7886766176477839
- - - -0.6571101101072516
  - - -0.2572925060433346
  - - 0.742467641789202
tvecs:
- - - 6.164667534072099
  - - -110.3155892293841
  - - 478.9200821885615
- - - 6.164667534072098
  - - -110.3155892293841
  - - 478.92008218856154
- - - -80.5740718690571
  - - -74.8888615881473
  - - 479.5226295653584
- - - -117.52100077157591
  - - -19.30556135218269
  - - 479.45267144193963
- - - 69.1002726586113
  - - -99.11442645156825
  - - 478.42584575726187
- - - 106.17155106364854
  - - -22.962010439458634
  - - 477.8185070952702
- - - 78.05499741657964
  - - -111.03248350664332
  - - 400.60006025015224
- - - 46.52097679283309
  - - -131.16268383406273
  - - 448.70510693681666
- - - 60.88973684555909
  - - -117.5378435955959
  - - 429.40811307163364
- - - 23.36190090650681
  - - -118.57387685804576
  - - 399.77284571640666
- - - 20.286272583340633
  - - -103.65136012429376
  - - 447.5325098485254
- - - -10.86245734997323
  - - -93.12557306514368
  - - 440.4525049958584
- - - -9.283239308960622
  - - -87.89552718586592
  - - 418.3780359638902
- - - -64.29691276951972
  - - -110.16335420784094
  - - 479.50960952654384
- - - 58.76271465626076
  - - -109.67247575386953
  - - 478.52885059471674
- - - 48.194821751484
  - - -127.61068912173474
  - - 449.2187885089521
- - - 53.62302834592372
  - - -95.91456277331905
  - - 373.872739511746
- - - 36.098630657235894
  - - -97.28555719488129
  - - 440.71777834453326
