camera_matrix:
- - 2664.934691843692
  - 0.0
  - 1335.9268676303343
- - 0.0
  - 2663.7179093278855
  - 991.9906675891639
- - 0.0
  - 0.0
  - 1.0
dist_coeffs:
- - -0.10316988178098914
  - 1.2999627318857887
  - 0.00020771224526753507
  - 0.0007396008060271537
  - -5.5437258656631165
image_size:
- 2592
- 1944
rvecs:
- - - 0.005198542617427799
  - - -0.0017235647245513598
  - - 0.7813113573893081
- - - -0.015508453532874462
  - - 0.0029330368315482825
  - - 0.32611836659824195
- - - -0.01818630948909149
  - - 0.03640916656437064
  - - 1.2059501996326087
- - - 0.1598022865340446
  - - -0.232205629924712
  - - 1.1652521376666916
- - - 0.13708776541533696
  - - -0.21055951007225324
  - - 1.0950174468162723
- - - 0.08025475412164798
  - - 0.05017258320496213
  - - 1.0544759323651038
- - - -0.09852082224626005
  - - 0.22087391925854072
  - - 0.9515917074288237
- - - 0.03783841604734589
  - - 0.03501135738381637
  - - 1.552539074574324
- - - -0.289331527734467
  - - -0.14639995554912508
  - - 1.3934357414409346
- - - -0.04232300220880718
  - - 0.3466177126705895
  - - 0.25952453114977875
- - - -0.2601416338445074
  - - 0.11002793752466836
  - - -0.7727758475434531
- - - -0.134641318911412
  - - 0.09344785063948052
  - - -1.4151684070889212
- - - -0.4221274348551594
  - - -0.18367470564490398
  - - -2.2634701671182134
- - - 0.355741701387015
  - - 0.10397182406392945
  - - -2.2872435723603144
- - - 0.015562297253856154
  - - 0.39224078067437057
  - - 3.0419128613645334
- - - 0.00489524448724582
  - - -0.0019786114577728165
  - - 1.1973712549788358
- - - 0.004393502764958525
  - - -0.0034646744365466543
  - - 1.6737487295300977
- - - 0.002679874354713961
  - - -0.006457237974295618
  - - 2.2890248900379233
- - - 0.24088786646625374
  - - -0.300468106659611
  - - 1.2681977026401063
tvecs:
- - - 49.52805616218507
  - - -105.32516602985093
  - - 529.5911096568374
- - - -9.95626317909633
  - - -89.96680548477309
  - - 529.1767888410574
- - - 92.38937785474329
  - - -70.1113837870215
  - - 526.1405332478909
- - - 123.46155909645515
  - - -97.38642786066131
  - - 433.71419191617207
- - - 108.39297749351003
  - - -85.6414745255739
  - - 443.7917610741458
- - - 67.38803832085787
  - - -66.02445598813135
  - - 509.4450022642736
- - - 77.44291247705
  - - -84.61039543793548
  - - 506.841918004954
- - - 124.83157738683279
  - - -61.401072559897855
  - - 412.9232288585815
- - - 100.80354220234834
  - - -74.71662824228437
  - - 481.94130414905754
- - - 12.29361336700773
  - - -79.99342745907323
  - - 500.06313093840015
- - - -62.553000373551434
  - - -5.120558091440607
  - - 513.9887881063598
- - - -81.10626693730056
  - - 59.790341568765676
  - - 517.7022647844298
- - - 21.872400368073578
  - - 131.22410403486015
  - - 456.58917365443796
- - - 13.087689233997752
  - - 127.70087556393636
  - - 485.5410881594692
- - - 105.8900789898765
  - - 117.64431074385382
  - - 469.15486871496483
- - - 72.17241451382324
  - - -92.421615034216
  - - 529.748191917872
- - - 95.20923231992305
  - - -59.77104740894885
  - - 529.9168496438364
- - - 113.13846263103164
  - - -6.886844511858425
  - - 530.2647768415806
- - - 130.99656551164247
  - - -88.8235866346151
  - - 456.46345122826733
